"V1","V2","V3","V4","V5","V6","V7","V8","V9","V10","V11","V12","V13","V14","V15","V16","V17","V18","V19","V20","V21","V22","V23","V24","V25","V26","V27","V28","V29","V30","V31","V32","V33","V34","V35","V36","V37","V38","V39","V40","V41","V42","V43","V44","V45","V46","V47","V48","V49","V50","V51","V52","V53","V54","V55","V56","V57","V58","V59","V60","V61","V62","V63","V64","V65","V66","V67","V68","V69","V70","V71","V72","V73","V74","V75","V76","V77","V78","V79","V80","V81","V82","V83","V84","V85","V86","V87","V88","V89","V90","V91","V92","V93","V94","V95","V96","V97","V98","V99","V100","V101","V102","V103","V104","V105","V106","V107","V108","V109","V110","V111","V112","V113","V114","V115","V116","V117","V118","V119","V120","V121","V122","V123","V124","V125","V126","V127","V128","V129","V130","V131","V132","V133","V134","V135","V136","V137","V138","V139","V140","V141","V142","V143","V144","V145","V146","V147","V148","V149","V150","V151","V152","V153","V154","V155","V156","V157","V158","V159","V160","V161","V162","V163","V164","V165","V166","V167","V168","V169","V170","V171","V172","V173","V174","V175","V176","V177","V178","V179","V180","V181","V182","V183","V184","V185","V186","V187","V188","V189","V190","V191","V192","V193","V194","V195","V196","V197","V198","V199","V200"
1,0.5872,0.9724,0.8834,0.1344,0.776,0.807,0.8714,0.162,0.9766,0.8796,0.59,0.9962,0.2834,0,0,0.932,0.9856,0.4772,0.0012,0,4e-04,0.0092,0,0,0.013,0.1122,0,0,0.165,0.108,0,0,0,0.0068,0.0146,0.0014,0.0048,2e-04,0,0.2102,6e-04,4e-04,4e-04,0.015,0.0118,4e-04,0.1036,0.269,0.3492,0.06,0.0204,0.0082,0.002,0,0,0.0216,0.0014,0.1842,2e-04,0,2e-04,0,0,0.0014,0,0.036,0,0,0,2e-04,0,0,0,0.0058,2e-04,4e-04,2e-04,0,0,0.002,0,0.1606,0,0.0186,0.0444,0.0864,0.0318,0,0.2236,4e-04,0.4424,0,0.0078,2e-04,0,0.0246,0.0164,2e-04,0,0,0.002,0.2532,0.1862,0.0314,2e-04,0.403,0.0338,0.2028,0.0048,0.7546,0.0252,0.001,0.0026,0.0024,0.0076,0.0934,0.0012,0.0298,0.144,0.0378,2e-04,2e-04,0.0024,4e-04,4e-04,0.0466,2e-04,0.0012,0,2e-04,2e-04,0.0014,0,0,0.1668,0,0,2e-04,0.001,0,2e-04,0,6e-04,0.0058,0.0112,4e-04,0,2e-04,0,0.0078,0.0074,0,0.0218,0.0188,2e-04,6e-04,0.003,0,0,0.0262,0.0018,4e-04,0.0146,0,8e-04,0.0404,0.472,0.0338,2e-04,0.016,4e-04,0.006,8e-04,4e-04,0.001,0.005,2e-04,0,0.0368,0.0032,2e-04,0.4932,0.0882,0.0072,0.186,0.2152,0.0396,0.0326,0.2824,0.0022,0.6556,0.3394,0.0302,0.0038,0.0494,0,0.5878,0.734,0.0192
0.5872,1,0.58,0.5638,0.1482,0.4626,0.4766,0.541,0.3542,0.573,0.5256,0.5178,0.5844,0.2482,0.3176,0.3512,0.5658,0.5776,0.3268,0.3514,0.001,8e-04,0.059,4e-04,0.0154,0.0092,0.1032,0,8e-04,0.1056,0.0888,0.0012,2e-04,0.008,0.0296,0.048,0.012,0.005,0.0022,4e-04,0.2728,6e-04,0.1802,0.1168,0.2638,0.185,0.0016,0.0634,0.1752,0.239,0.0762,0.0776,0.056,0.0204,0.0348,0.0036,0.1614,0.0474,0.1122,0.0036,0.1264,0.0242,0.0244,0.0178,0.1538,0.1822,0.1622,0.0026,0.0368,0.0038,0,0.0084,0.0702,0.0386,0.0612,0.1616,0.0098,0.004,0.0178,0.088,8e-04,0,0.1054,0,0.0696,0.0192,0.0536,0.0278,0,0.1252,4e-04,0.2576,0,0.0036,0,0,0.013,0.0092,2e-04,0,0.0242,0.0018,0.239,0.152,0.0196,0.0226,0.331,0.0206,0.1178,0.005,0.4456,0.0172,0.0016,0.001,0.0106,0.0068,0.078,0.0152,0.0298,0.0776,0.0262,0.0032,0.0086,0.0122,0.0012,4e-04,0.0404,0.0074,0.019,0.0016,0.023,2e-04,0.0042,0,0,0.1208,0.001,2e-04,2e-04,0.0046,0.0486,0.0424,0.0808,0.0308,0.07,0.1566,0.0636,0.0094,0.1034,0.0166,0.0126,0.0218,0.0302,0.0548,0.1748,0.2622,0.013,0.2402,0.063,0.233,0.0476,0.0584,2e-04,0.1228,2e-04,0.0022,0.022,0.2862,0.0378,0.1352,0.0328,4e-04,0.0756,4e-04,0.0032,8e-04,0.0212,0.0082,0.0024,0.0248,0.0028,0.0024,0.2664,0.0378,0.0046,0.101,0.2674,0.0446,0.0336,0.1462,0.0242,0.3912,0.2024,0.019,0.0102,0.1318,0.0144,0.3056,0.402,0.0382
0.9724,0.58,1,0.861,0.1348,0.7572,0.7848,0.8472,0.1724,0.951,0.857,0.5822,0.9696,0.2826,0.0168,0.0172,0.9106,0.9602,0.4654,0.019,2e-04,4e-04,0.0128,2e-04,4e-04,0.014,0.1106,0,0,0.1628,0.1044,2e-04,2e-04,4e-04,0.0076,0.0168,0.0024,0.0048,2e-04,0,0.2132,0.003,0.0084,0.0058,0.0258,0.0212,0.0042,0.1026,0.2608,0.3446,0.0628,0.0252,0.0126,0.006,0.0032,0.0016,0.0266,0.0074,0.1806,0.0034,0.0044,0.002,8e-04,0.0012,0.007,0.0062,0.0418,0,0.002,4e-04,2e-04,0,0.0026,0.0016,0.0102,0.0056,6e-04,2e-04,4e-04,0.003,0.0018,0,0.1562,0,0.0238,0.0444,0.084,0.0338,4e-04,0.2198,4e-04,0.4314,0,0.0076,2e-04,0,0.024,0.0156,2e-04,0,0.0034,0.002,0.2502,0.185,0.0298,0.002,0.3972,0.0324,0.1982,0.0046,0.7356,0.0246,0.001,0.0026,0.0024,0.0074,0.092,0.0022,0.03,0.1414,0.0382,8e-04,8e-04,0.0046,8e-04,4e-04,0.0452,0.003,0.002,0.001,0.0026,2e-04,0.0022,0,2e-04,0.1606,0,0,0.002,0.002,0.005,0.0032,0.004,0.0028,0.0108,0.0198,0.006,0.0012,0.0086,0.001,0.0108,0.0088,0.0042,0.0268,0.0286,0.0128,0.002,0.0146,0.0044,0.0072,0.0296,0.0064,0.0036,0.018,0.0034,0.0042,0.0424,0.461,0.0364,0.0058,0.0188,0.0038,0.012,0.0042,0.0038,0.0044,0.0096,0.0042,0.0042,0.0386,0.0052,0.0012,0.4828,0.0874,0.0082,0.1834,0.2182,0.0424,0.0314,0.2754,0.0044,0.6384,0.3326,0.0296,0.0062,0.0536,0.0026,0.5736,0.7164,0.0216
0.8834,0.5638,0.861,1,0.1378,0.6976,0.7198,0.7966,0.1958,0.867,0.7782,0.564,0.8812,0.261,0.0822,0.0886,0.8334,0.8712,0.4522,0.0908,6e-04,4e-04,0.013,2e-04,0.0054,0.0126,0.1072,0,2e-04,0.152,0.1032,4e-04,4e-04,0.0028,0.0092,0.0208,0.0022,0.0042,6e-04,2e-04,0.2094,0.0064,0.0598,0.0432,0.0868,0.0676,0.01,0.0896,0.239,0.3236,0.0796,0.0364,0.0426,0.0136,0.0176,0.0074,0.062,0.032,0.159,0.0104,0.0286,0.0146,0.0032,0.008,0.0388,0.065,0.0704,6e-04,0.0082,6e-04,0,0.0012,0.021,0.0106,0.0176,0.0404,0.0034,8e-04,0.0044,0.0214,0.0012,0,0.1336,0,0.0236,0.0342,0.068,0.0424,2e-04,0.1852,4e-04,0.386,0,0.0062,2e-04,0,0.0234,0.0132,2e-04,0,0.006,0.002,0.2536,0.1704,0.028,0.0076,0.3994,0.0294,0.1662,0.005,0.6858,0.0244,0.0014,0.0028,0.0054,0.0064,0.0956,0.0034,0.0272,0.1132,0.0302,0.0026,6e-04,0.0026,0.001,4e-04,0.042,0.0104,0.0048,0.0022,0.0068,0,0.0036,0,0,0.1546,4e-04,0.0016,0.0056,0.0032,0.0058,0.0082,0.0142,0.0032,0.014,0.042,0.0102,0.0016,0.0192,0.0044,0.0146,0.0112,0.0166,0.025,0.0728,0.071,0.0026,0.068,0.0178,0.0794,0.0296,0.0152,0.0038,0.0368,0.0024,0.003,0.0384,0.4168,0.0368,0.0402,0.0198,0.0028,0.0192,0.0032,0.0028,0.0034,0.0118,0.0036,0.0068,0.0364,0.0096,0.0028,0.4256,0.0744,0.01,0.1648,0.1992,0.04,0.0348,0.239,0.0026,0.5786,0.2966,0.0238,0.004,0.0602,0.0062,0.5188,0.643,0.0202
0.1344,0.1482,0.1348,0.1378,1,0.1598,0.0936,0.1208,0.2916,0.1306,0.125,0.2002,0.1336,0.1038,0.3522,0.4254,0.138,0.1316,0.1922,0.4232,0.002,0.001,0.0822,0.0018,0.0214,0.0926,0.083,0,4e-04,0.0342,0.0626,0.0028,4e-04,0.0156,0.0434,0.064,0.0166,0.0064,0.0032,2e-04,0.2046,0.0986,0.235,0.2198,0.3364,0.2356,0.1126,0.1338,0.1144,0.1488,0.127,0.1508,0.1398,0.1344,0.1118,0.0844,0.1984,0.196,0.1092,0.1154,0.2174,0.0404,0.0342,0.0328,0.2532,0.2872,0.1834,0.0058,0.0628,0.0058,0.0068,0.0132,0.125,0.0776,0.0846,0.261,0.0102,0.008,0.0264,0.1338,8e-04,4e-04,0.0386,0,0.0612,0.0068,0.0078,0.0996,0.014,0.0566,4e-04,0.1044,8e-04,2e-04,4e-04,0,0.005,0.002,2e-04,0,0.0416,6e-04,0.1244,0.079,0.0026,0.0472,0.2828,0.0086,0.039,0.0044,0.1158,0.016,0.0012,0.0024,0.0206,0.0058,0.0418,0.0118,0.015,0.0226,0.0128,0.0258,0.014,0.019,0.006,0.002,0.0426,0.1006,0.0218,0.034,0.0718,4e-04,0.0154,0.0022,4e-04,0.0328,0.0018,0.0188,0.0766,0.0234,0.085,0.0752,0.1132,0.031,0.0598,0.1986,0.047,0.0214,0.1368,0.0356,0.106,0.0696,0.1146,0.0612,0.252,0.3418,0.0402,0.3366,0.117,0.3186,0.2804,0.2892,0.1824,0.1936,0.237,0.2346,0.2226,0.144,0.1818,0.2962,0.1772,0.232,0.3034,0.2256,0.241,0.2362,0.2436,0.2456,0.1976,0.1808,0.0892,0.036,0.107,0.0166,0.0686,0.0982,0.102,0.0418,0.0174,0.0228,0.0332,0.0616,0.044,0.0092,0.0218,0.0826,0.1024,0.0846,0.0894,0.0646
0.776,0.4626,0.7572,0.6976,0.1598,1,0.647,0.691,0.1378,0.7622,0.688,0.4832,0.7734,0.2264,0.0342,0.0294,0.7298,0.767,0.4412,0.0348,0.002,0.0022,0.019,0.0024,0.0034,0.0486,0.09,0.0022,0.0034,0.1186,0.0958,0.0028,0.0022,0.004,0.0088,0.016,0.0108,0.009,0.0024,0.0022,0.1686,0.0714,0.047,0.0368,0.0572,0.053,0.08,0.1242,0.2634,0.275,0.0872,0.081,0.0716,0.0844,0.059,0.055,0.0662,0.073,0.1848,0.0802,0.0072,0.0108,0.003,0.007,0.0106,0.0114,0.0524,0.0016,0.0052,0.0022,0.0064,0.0026,0.0062,0.0068,0.0226,0.0078,0.0052,0.0042,0.0028,0.006,0.0012,2e-04,0.1504,0,0.022,0.028,0.0696,0.0804,0.0124,0.2146,4e-04,0.3804,0.0012,0.0058,2e-04,4e-04,0.0176,0.015,4e-04,0,0.0102,0.0018,0.2006,0.152,0.0216,0.0042,0.3834,0.0338,0.1518,0.0056,0.5976,0.022,8e-04,0.0028,0.0084,0.0114,0.0822,0.003,0.0242,0.0984,0.0376,0.0124,0.007,0.0142,0.0052,0.0018,0.0536,0.066,0.0058,0.0226,0.0246,6e-04,0.0098,0.0032,2e-04,0.1472,4e-04,0.0148,0.0516,0.0132,0.0372,0.0136,0.0124,0.013,0.0194,0.0368,0.0224,0.0062,0.0234,0.0076,0.0724,0.029,0.056,0.035,0.0698,0.0264,0.0156,0.027,0.015,0.0132,0.1134,0.0706,0.0744,0.0286,0.0908,0.0848,0.116,0.4018,0.0798,0.035,0.065,0.0872,0.0712,0.0834,0.0958,0.0886,0.085,0.0924,0.0896,0.099,0.0656,0.0264,0.3962,0.0768,0.0542,0.1936,0.1786,0.0458,0.0298,0.2334,0.0184,0.5262,0.281,0.0322,0.0134,0.0686,0.0582,0.4806,0.5736,0.0496
0.807,0.4766,0.7848,0.7198,0.0936,0.647,1,0.746,0.1368,0.7956,0.7028,0.5054,0.8046,0.2702,0.0442,0.043,0.76,0.7954,0.4108,0.0452,0.01,0.0106,0.0244,0.0108,0.0098,0.0344,0.1146,0.0102,0.0114,0.1364,0.0766,0.0106,0.01,0.0122,0.0152,0.0218,0.0226,0.0212,0.0104,0.0108,0.156,0.063,0.0538,0.034,0.0346,0.0508,0.079,0.1228,0.3008,0.2608,0.086,0.077,0.072,0.0754,0.067,0.0602,0.0706,0.0664,0.2066,0.079,0.0054,0.0126,0.0096,0.0126,0.0066,0.01,0.0556,0.009,0.0086,0.0108,0.0076,0.009,0.0098,0.0132,0.019,0.0072,0.0078,0.011,0.008,0.005,0.003,8e-04,0.1712,2e-04,0.0308,0.0332,0.0812,0.0862,0.0152,0.2408,6e-04,0.4208,6e-04,0.007,8e-04,0,0.0262,0.0192,8e-04,2e-04,0.0136,0.0014,0.1784,0.1182,0.0326,0.0104,0.3112,0.0316,0.1328,0.0032,0.615,0.0126,4e-04,0.0028,0.0116,0.0084,0.0618,0.0028,0.0214,0.082,0.0358,0.0148,0.0078,0.025,0.005,0.0032,0.0344,0.0656,0.0068,0.0232,0.0094,0.0014,0.01,0.0022,4e-04,0.186,0.0016,0.0138,0.0538,0.0094,0.044,0.015,0.0188,0.0176,0.0312,0.045,0.0414,0.0092,0.0318,0.0112,0.0738,0.0222,0.0564,0.056,0.0574,0.0322,0.014,0.038,0.0162,0.0188,0.0498,0.0298,0.0418,0.0154,0.0304,0.03,0.059,0.4416,0.0496,0.015,0.0326,0.03,0.0302,0.0302,0.0342,0.0306,0.0322,0.0338,0.05,0.048,0.064,0.035,0.4012,0.1008,0.0538,0.2226,0.1824,0.0786,0.0338,0.2704,0.0338,0.6454,0.3284,0.0428,0.0214,0.0738,0.0684,0.4958,0.6006,0.0638
0.8714,0.541,0.8472,0.7966,0.1208,0.691,0.746,1,0.133,0.8546,0.768,0.5432,0.8682,0.2578,0.0452,0.042,0.8298,0.8588,0.4476,0.0456,0.0148,0.0148,0.0228,0.0144,0.0122,0.029,0.113,0.0146,0.0138,0.1624,0.0972,0.0138,0.0146,0.0138,0.0178,0.0262,0.0118,0.015,0.0152,0.0148,0.1868,0.0326,0.038,0.0198,0.0422,0.0396,0.0414,0.1166,0.2872,0.3004,0.0774,0.0452,0.0474,0.0436,0.0356,0.0306,0.0566,0.0376,0.199,0.042,0.0038,0.0074,0.0138,0.0132,0.006,0.0124,0.0602,0.01,0.01,0.0144,0.0036,0.0144,0.0078,0.014,0.02,0.005,0.0098,0.0146,0.0112,0.0044,0.0026,6e-04,0.165,0,0.0222,0.0348,0.0788,0.0626,0.006,0.213,6e-04,0.4158,6e-04,0.0066,2e-04,6e-04,0.03,0.0156,6e-04,0,0.0072,0.002,0.241,0.162,0.0318,0.0136,0.3796,0.0308,0.1526,0.0048,0.6774,0.022,0.001,0.0036,0.0154,0.0072,0.0896,0.0032,0.0286,0.0932,0.0332,0.0068,0.005,0.0104,0.003,0.0018,0.0426,0.0308,0.0066,0.008,0.0102,8e-04,0.005,4e-04,0,0.1774,4e-04,0.0036,0.0242,0.0046,0.0166,0.0104,0.0134,0.011,0.0214,0.0332,0.0226,0.0058,0.0174,0.0118,0.0402,0.0146,0.0328,0.0404,0.0526,0.0302,0.0078,0.0348,0.0088,0.0268,0.0424,0.0172,0.0232,0.0138,0.018,0.0186,0.0522,0.433,0.045,0.0118,0.0286,0.0178,0.0184,0.0186,0.0214,0.0188,0.022,0.0202,0.0262,0.0424,0.0308,0.0136,0.4016,0.0792,0.0248,0.1784,0.1868,0.0564,0.0348,0.2426,0.0144,0.6202,0.3066,0.028,0.0114,0.0618,0.0306,0.4914,0.6194,0.0436
0.162,0.3542,0.1724,0.1958,0.2916,0.1378,0.1368,0.133,1,0.1592,0.1572,0.3284,0.164,0.2504,0.565,0.566,0.1632,0.1638,0.1128,0.5868,0.0118,0.0116,0.0866,0.0124,0.0246,0.0306,0.0836,0.0106,0.013,0.034,0.0386,0.0146,0.0106,0.023,0.0416,0.0514,0.0598,0.0342,0.011,0.0106,0.2546,0.064,0.3252,0.2272,0.3676,0.3126,0.1076,0.0654,0.0778,0.1872,0.1806,0.2548,0.1908,0.1298,0.1388,0.0762,0.288,0.1826,0.0612,0.122,0.1132,0.048,0.0146,0.0326,0.1568,0.2056,0.23,0.0092,0.0418,0.0138,0.0074,0.0114,0.0682,0.0612,0.084,0.1622,0.0184,0.0108,0.0288,0.0738,0,0.001,0.0264,2e-04,0.1144,0.0162,0.0168,0.1302,0.0146,0.0774,6e-04,0.0718,0.001,0.002,4e-04,2e-04,0.0078,0.0058,4e-04,2e-04,0.0504,0.0012,0.121,0.0696,0.004,0.0492,0.1604,0.0094,0.0764,0.0012,0.1168,0.005,0.0012,0.002,0.014,0.0064,0.0278,0.022,0.0212,0.064,0.0318,0.0208,0.0314,0.0716,0.0088,0.0034,0.0198,0.1012,0.0272,0.0274,0.0514,0.0012,0.019,0.001,0.0012,0.0516,0.003,0.011,0.0626,0.032,0.1304,0.0902,0.1486,0.0702,0.1776,0.32,0.1598,0.0374,0.1976,0.0376,0.1248,0.0658,0.1422,0.1614,0.3378,0.4336,0.0506,0.3984,0.1328,0.309,0.0782,0.0934,0.0534,0.1084,0.0546,0.0518,0.0562,0.0788,0.0648,0.1302,0.0464,0.0524,0.0964,0.0526,0.0568,0.054,0.0622,0.0568,0.0758,0.0506,0.0906,0.0476,0.176,0.0702,0.0656,0.1238,0.2718,0.1156,0.0418,0.0924,0.1032,0.1374,0.1138,0.0738,0.061,0.195,0.1106,0.1694,0.1674,0.1214
0.9766,0.573,0.951,0.867,0.1306,0.7622,0.7956,0.8546,0.1592,1,0.858,0.5818,0.9744,0.283,0.0052,0.0052,0.9112,0.9634,0.474,0.0064,0.004,0.0044,0.0138,0.0046,0.0044,0.0164,0.115,0.0044,0.0044,0.1666,0.1052,0.0046,0.0042,0.0046,0.011,0.0168,0.0036,0.0084,0.0042,0.0044,0.2044,0.0038,0.0052,0.0024,0.0186,0.0152,0.0042,0.104,0.2686,0.3386,0.061,0.0246,0.011,0.0068,0.0036,0.0028,0.025,0.0042,0.1848,0.0046,0.0032,0.0014,0.004,0.003,0.0042,0.003,0.0398,0.003,0.0042,0.0048,6e-04,0.004,0.0024,0.003,0.0084,0.0038,0.005,0.0046,0.0048,0.0044,0.002,0,0.1598,0,0.0198,0.0444,0.086,0.034,0.0014,0.222,6e-04,0.4422,0,0.0078,2e-04,2e-04,0.026,0.0166,4e-04,0,4e-04,0.0014,0.245,0.1792,0.0312,0.0034,0.3956,0.0318,0.1942,0.005,0.739,0.0236,8e-04,0.003,0.006,0.0074,0.0914,0.0012,0.0284,0.138,0.037,0.001,6e-04,0.0042,8e-04,0.0012,0.044,0.0044,0.0018,0.001,0.0016,2e-04,0.002,0,0,0.1664,2e-04,6e-04,0.0032,0.0022,0.0024,0.0026,0.0012,0.0014,0.0084,0.0142,0.0036,0.0012,0.002,0.0026,0.0114,0.0092,0.0026,0.0252,0.0208,0.0038,0.002,0.0076,0.001,0.0036,0.0298,0.0052,0.0046,0.0176,0.004,0.0048,0.0434,0.464,0.037,0.0046,0.0182,0.0044,0.0108,0.0048,0.0046,0.005,0.009,0.0042,0.0036,0.039,0.0062,0.0016,0.4822,0.0886,0.0104,0.1852,0.2136,0.0428,0.0324,0.2814,0.0048,0.6518,0.3376,0.0314,0.0058,0.0504,0.004,0.5788,0.7194,0.0234
0.8796,0.5256,0.857,0.7782,0.125,0.688,0.7028,0.768,0.1572,0.858,1,0.52,0.877,0.2744,0.0126,0.0092,0.8214,0.8676,0.431,0.0106,0.0236,0.0244,0.0168,0.0242,0.0162,0.0314,0.0962,0.024,0.0218,0.1642,0.103,0.0228,0.0238,0.0232,0.0248,0.0274,0.0122,0.0228,0.0232,0.0244,0.2082,0.0252,0.0208,0.017,0.0236,0.0304,0.0428,0.1034,0.2574,0.3372,0.0822,0.061,0.0436,0.0422,0.0344,0.0272,0.0462,0.0312,0.175,0.0448,0.002,0.0042,0.0192,0.0158,0.0038,0.0026,0.0364,0.0126,0.0104,0.022,0.0036,0.021,0.0092,0.0142,0.0098,0.0022,0.0142,0.0224,0.0156,0.0026,0.0016,8e-04,0.1422,0,0.0214,0.037,0.0762,0.066,0.004,0.2144,2e-04,0.3816,0.001,0.0058,6e-04,2e-04,0.0306,0.0136,4e-04,0,0.007,0.003,0.2356,0.1784,0.0244,0.0186,0.371,0.0328,0.1976,0.0038,0.6704,0.0238,0.001,0.0048,0.0246,0.0082,0.0878,0.0022,0.0296,0.1366,0.0442,0.006,0.01,0.0164,0.0044,0.0044,0.0474,0.0372,0.0038,0.012,0.0078,0.002,0.0068,4e-04,6e-04,0.1428,6e-04,0.0058,0.0274,0.0114,0.0216,0.0094,0.007,0.0144,0.0208,0.0328,0.0194,0.0068,0.0126,0.0126,0.046,0.0132,0.0312,0.0354,0.035,0.0066,0.0102,0.0128,0.0058,0.004,0.0438,0.0194,0.021,0.0154,0.0208,0.0228,0.0554,0.416,0.0436,0.0092,0.0312,0.0212,0.0218,0.023,0.0212,0.0216,0.0252,0.0208,0.0258,0.0516,0.0416,0.0178,0.4694,0.0856,0.036,0.1996,0.2036,0.0468,0.0324,0.2482,0.0196,0.5714,0.3008,0.0414,0.0162,0.0722,0.0358,0.5206,0.657,0.0404
0.59,0.5178,0.5822,0.564,0.2002,0.4832,0.5054,0.5432,0.3284,0.5818,0.52,1,0.5898,0.2852,0.3478,0.3174,0.5834,0.5854,0.3154,0.339,0.006,0.0058,0.028,0.0068,0.0068,0.0134,0.0762,0.0064,0.007,0.0864,0.0818,0.007,0.0062,0.0096,0.0156,0.0198,0.0298,0.0154,0.0064,0.0062,0.1974,0.0166,0.2004,0.0772,0.2204,0.1914,0.027,0.0694,0.155,0.2362,0.0856,0.128,0.0708,0.044,0.0586,0.0178,0.195,0.067,0.0972,0.0298,0.0222,0.0118,0.0062,0.0086,0.0408,0.0864,0.1598,0.0062,0.0076,0.006,0.003,0.0058,0.0142,0.0134,0.0446,0.0446,0.0078,0.0064,0.007,0.0106,0.002,4e-04,0.1014,0,0.0904,0.025,0.0426,0.0486,0.001,0.141,6e-04,0.2572,6e-04,0.0044,2e-04,0,0.017,0.0126,4e-04,0,0.0472,0.0016,0.2198,0.1256,0.0184,0.0164,0.2814,0.0224,0.1194,0.0042,0.4422,0.013,0.0012,0.0026,0.0102,0.0076,0.0622,0.02,0.0334,0.092,0.0272,0.0122,0.0216,0.0402,0.0038,0.0014,0.0348,0.0288,0.0172,0.0116,0.0292,8e-04,0.0094,8e-04,4e-04,0.1168,8e-04,0.0056,0.0158,0.0084,0.1072,0.0624,0.1032,0.0358,0.0964,0.1552,0.1202,0.0202,0.1662,0.0308,0.0414,0.0354,0.0518,0.1216,0.1666,0.2472,0.0262,0.2094,0.0796,0.1656,0.0346,0.0266,0.0114,0.0238,0.0092,0.0094,0.039,0.3052,0.0386,0.0428,0.0136,0.009,0.0286,0.0088,0.0118,0.0096,0.0168,0.0116,0.0212,0.0306,0.0252,0.0152,0.3102,0.0794,0.0198,0.1194,0.2516,0.107,0.0452,0.1816,0.077,0.4346,0.2712,0.0508,0.0382,0.1524,0.0548,0.3614,0.4432,0.0942
0.9962,0.5844,0.9696,0.8812,0.1336,0.7734,0.8046,0.8682,0.164,0.9744,0.877,0.5898,1,0.2836,0.0024,0.001,0.9292,0.9828,0.4756,0.0028,0,6e-04,0.01,2e-04,0,0.0134,0.1128,2e-04,2e-04,0.1648,0.1074,2e-04,2e-04,2e-04,0.007,0.015,0.0022,0.005,4e-04,2e-04,0.2108,0.001,8e-04,6e-04,0.0154,0.0124,8e-04,0.1034,0.2688,0.3488,0.0602,0.0218,0.0088,0.0024,4e-04,4e-04,0.022,0.0018,0.1836,6e-04,0,2e-04,2e-04,2e-04,0.0014,0,0.037,2e-04,2e-04,2e-04,2e-04,2e-04,2e-04,4e-04,0.0066,2e-04,8e-04,4e-04,0,4e-04,0.002,0,0.16,0,0.019,0.0442,0.0862,0.032,0,0.223,4e-04,0.442,0,0.0078,2e-04,0,0.0248,0.0164,2e-04,0,2e-04,0.002,0.2524,0.185,0.0312,2e-04,0.4022,0.0334,0.203,0.0046,0.7528,0.025,0.001,0.0026,0.0026,0.0076,0.0928,0.0014,0.0296,0.1442,0.038,2e-04,4e-04,0.0034,4e-04,4e-04,0.0468,6e-04,0.0014,0,4e-04,2e-04,0.0014,0,0,0.1672,0,0,4e-04,0.001,4e-04,6e-04,4e-04,6e-04,0.0064,0.0116,0.001,4e-04,8e-04,2e-04,0.0088,0.0078,2e-04,0.0234,0.0192,0.001,0.0014,0.0038,2e-04,2e-04,0.0266,0.002,0.001,0.0152,6e-04,0.0014,0.041,0.4702,0.0342,4e-04,0.0166,0.001,0.0066,0.0014,0.001,0.0016,0.0056,8e-04,6e-04,0.0368,0.0036,4e-04,0.4932,0.0884,0.0076,0.186,0.215,0.0404,0.0328,0.282,0.003,0.6548,0.3398,0.0304,0.0044,0.0502,4e-04,0.5884,0.734,0.02
0.2834,0.2482,0.2826,0.261,0.1038,0.2264,0.2702,0.2578,0.2504,0.283,0.2744,0.2852,0.2836,1,0.2272,0.1852,0.2732,0.2838,0.1608,0.2052,0.0644,0.0654,0.0756,0.0664,0.0518,0.0702,0.089,0.0658,0.0714,0.0832,0.0646,0.0662,0.0648,0.0636,0.063,0.0512,0.086,0.0874,0.06,0.0666,0.1792,0.1596,0.2094,0.1202,0.116,0.177,0.236,0.1182,0.182,0.2112,0.203,0.2934,0.2266,0.2396,0.2234,0.1628,0.2402,0.192,0.1322,0.256,0.0168,0.0238,0.0556,0.0598,0.0218,0.0326,0.1142,0.0438,0.0376,0.0636,0.0178,0.061,0.0338,0.058,0.054,0.0252,0.0362,0.0636,0.0516,0.0202,0.001,0.0022,0.0816,2e-04,0.0986,0.0248,0.03,0.2278,0.0248,0.1798,0.0014,0.1504,0.0024,0.0034,6e-04,6e-04,0.0312,0.0164,0.0014,0,0.056,0.0016,0.0794,0.0502,0.0118,0.0596,0.1226,0.0182,0.079,8e-04,0.2054,0.0026,8e-04,0.0088,0.0596,0.0078,0.022,0.0164,0.0202,0.0664,0.039,0.0454,0.0508,0.1174,0.017,0.0156,0.0252,0.2038,0.0278,0.0702,0.0406,0.0048,0.0326,0.0062,0.0012,0.0954,0.0044,0.0334,0.1548,0.0532,0.1626,0.0702,0.0872,0.071,0.1592,0.1756,0.1676,0.054,0.1452,0.064,0.2376,0.067,0.2056,0.1778,0.1742,0.1504,0.0708,0.1636,0.0646,0.068,0.0716,0.0692,0.0818,0.025,0.0678,0.0688,0.0674,0.1754,0.0746,0.046,0.056,0.0668,0.0558,0.0678,0.068,0.068,0.0678,0.0702,0.1188,0.0694,0.209,0.1084,0.264,0.1282,0.1568,0.2584,0.2266,0.1888,0.0468,0.165,0.147,0.2776,0.2064,0.126,0.0968,0.1894,0.2234,0.2346,0.2458,0.1968
0,0.3176,0.0168,0.0822,0.3522,0.0342,0.0442,0.0452,0.565,0.0052,0.0126,0.3478,0.0024,0.2272,1,0.7706,0.0372,0.0018,0.0578,0.831,0.0234,0.0244,0.111,0.0254,0.0308,0.014,0.0732,0.0236,0.0278,0.017,0.0292,0.0266,0.0238,0.0374,0.0454,0.0596,0.0918,0.0468,0.0236,0.024,0.18,0.012,0.4566,0.2586,0.5074,0.4358,0.039,0.0158,0.012,0.0886,0.1466,0.2378,0.178,0.085,0.1388,0.025,0.384,0.1768,0.0096,0.0612,0.1162,0.0564,0.0224,0.0378,0.1674,0.2974,0.3666,0.02,0.0338,0.0278,0.002,0.0206,0.0686,0.0542,0.1476,0.1902,0.0278,0.0226,0.0392,0.0732,0,0.0014,0.0102,2e-04,0.1498,0.0022,0.0046,0.0754,0.002,0.0096,4e-04,0.014,8e-04,6e-04,6e-04,2e-04,0.009,0.0066,2e-04,4e-04,0.1362,4e-04,0.1238,0.0362,0.003,0.066,0.1114,0.0068,0.0052,0.0036,0.0124,0.003,0.0022,0.004,0.0262,0.0082,0.0244,0.0358,0.0234,0.0074,0.0112,0.018,0.065,0.1256,0.006,0.0048,0.0106,0.0468,0.0578,0.0124,0.0888,0.0036,0.0276,4e-04,0.0014,0.0408,0.0076,0.0018,0.0102,0.0282,0.2,0.1726,0.2666,0.0786,0.2352,0.341,0.2304,0.0558,0.3586,0.0874,0.069,0.099,0.1226,0.2426,0.4172,0.6272,0.0692,0.5206,0.21,0.4464,0.0328,0.0648,0.008,0.0878,0.0088,0.0106,0.0082,0.0124,0.0374,0.149,0.0126,0.0088,0.0656,0.009,0.011,0.0088,0.0202,0.0102,0.024,0.0108,0.029,0.026,0.0324,0.0842,0.0158,0.0262,0.2564,0.1806,0.045,0.0444,0.1626,0.0744,0.0904,0.089,0.1208,0.225,0.0888,0.0546,0.0202,0.1462
0,0.3512,0.0172,0.0886,0.4254,0.0294,0.043,0.042,0.566,0.0052,0.0092,0.3174,0.001,0.1852,0.7706,1,0.0374,0.0014,0.0762,0.8768,0.0176,0.0164,0.075,0.0178,0.0348,0.008,0.0756,0.0158,0.0156,0.017,0.0224,0.0176,0.016,0.0356,0.0604,0.0722,0.0334,0.0188,0.019,0.0162,0.2324,0.021,0.4812,0.3098,0.5748,0.4416,0.0564,0.0076,0.0114,0.0874,0.1584,0.2426,0.1922,0.101,0.1488,0.04,0.3934,0.1896,0.0038,0.077,0.2424,0.061,0.0372,0.0438,0.3018,0.4106,0.326,0.015,0.0658,0.0226,0.0018,0.0192,0.1332,0.0846,0.1062,0.328,0.024,0.017,0.0424,0.145,0,0.0016,0.0046,0,0.1238,0.001,0.0026,0.088,0.0034,0.011,6e-04,0.0068,6e-04,0,4e-04,0,0.0102,0.0026,2e-04,0,0.0572,4e-04,0.1348,0.0394,0.0014,0.0718,0.1542,0.0018,0.0044,0.0032,0.0088,0.002,0.0014,0.0022,0.028,0.0036,0.0262,0.0348,0.0242,0.0052,0.0102,0.0186,0.0224,0.0262,0.0038,0.0032,0.0052,0.062,0.0276,0.0156,0.0476,0.0018,0.0106,4e-04,4e-04,0.0334,0.002,0.002,0.0226,0.0174,0.1512,0.1122,0.1966,0.07,0.1386,0.3728,0.1762,0.028,0.2648,0.0536,0.0708,0.057,0.1448,0.142,0.4204,0.6386,0.0434,0.6286,0.184,0.5634,0.0444,0.1128,0.0044,0.187,0.0034,0.0054,0.0046,0.0056,0.0418,0.2662,0.0286,0.0036,0.1234,0.0038,0.0082,0.0034,0.0266,0.0156,0.0272,0.0124,0.0408,0.0258,0.0358,0.0144,0.0208,0.0348,0.2068,0.114,0.0442,0.0096,0.0826,0.0474,0.0276,0.0134,0.0234,0.206,0.0968,0.0154,0.0124,0.1216
0.932,0.5658,0.9106,0.8334,0.138,0.7298,0.76,0.8298,0.1632,0.9112,0.8214,0.5834,0.9292,0.2732,0.0372,0.0374,1,0.9202,0.4536,0.0386,0.0096,0.01,0.0126,0.01,0.0088,0.0208,0.1048,0.0098,0.0092,0.1624,0.108,0.0094,0.0096,0.0092,0.0132,0.0192,0.0038,0.0114,0.0092,0.0098,0.2058,0.0044,0.0206,0.0078,0.0368,0.0284,0.0064,0.1044,0.2552,0.3366,0.0678,0.042,0.0184,0.0104,0.009,0.0038,0.044,0.0124,0.175,0.0082,0.0052,0.0026,0.0092,0.0068,0.0076,0.0088,0.0486,0.0074,0.0056,0.0094,0.002,0.0096,0.0062,0.0068,0.0082,0.0068,0.0066,0.0104,0.0084,0.003,0.002,4e-04,0.1514,4e-04,0.0262,0.0384,0.0752,0.0374,4e-04,0.2036,6e-04,0.411,6e-04,0.007,2e-04,2e-04,0.0274,0.014,4e-04,2e-04,0.0046,0.0018,0.2552,0.1806,0.0288,0.009,0.3902,0.0322,0.1878,0.005,0.7166,0.024,0.001,0.0038,0.0114,0.0072,0.0918,0.0042,0.0326,0.1312,0.0348,0.0036,0.0032,0.0058,0.002,0.0022,0.0448,0.0052,0.0042,0.0018,0.004,0.0026,0.0028,0.0014,0.0014,0.1616,0.0016,0.0014,0.0026,0.0032,0.0122,0.0084,0.01,0.0074,0.0182,0.0348,0.0156,0.0044,0.0144,0.0078,0.0158,0.0102,0.0076,0.0344,0.0364,0.0242,0.004,0.0308,0.0076,0.0194,0.0284,0.008,0.004,0.0172,0.0048,0.006,0.0402,0.4428,0.0368,0.0084,0.0196,0.0052,0.0128,0.006,0.0058,0.0058,0.0096,0.0056,0.0048,0.0368,0.0098,0.0042,0.4574,0.079,0.0094,0.1722,0.2092,0.0504,0.0348,0.2542,0.0132,0.6172,0.3198,0.0298,0.0068,0.0632,0.0118,0.539,0.6824,0.0322
0.9856,0.5776,0.9602,0.8712,0.1316,0.767,0.7954,0.8588,0.1638,0.9634,0.8676,0.5854,0.9828,0.2838,0.0018,0.0014,0.9202,1,0.4694,0.0034,0.0022,0.0026,0.0116,0.0022,0.0016,0.014,0.113,0.002,0.0024,0.1642,0.1082,0.002,0.0016,0.002,0.0092,0.0164,0.0038,0.0078,0.0018,0.0022,0.2118,0.0012,0.0026,0.0014,0.0158,0.0128,0.0024,0.1046,0.265,0.349,0.0628,0.0252,0.0114,0.0042,0.0012,0.001,0.024,0.003,0.1836,0.0028,0,2e-04,0.0014,0.0014,0.0014,4e-04,0.0364,0.0014,0.0012,0.0022,8e-04,0.0018,6e-04,0.0014,0.0066,2e-04,0.0018,0.002,0.002,4e-04,0.0022,2e-04,0.1594,2e-04,0.0204,0.0452,0.086,0.035,2e-04,0.2236,6e-04,0.4372,4e-04,0.0084,4e-04,2e-04,0.0252,0.017,6e-04,2e-04,6e-04,0.002,0.248,0.183,0.0312,0.0018,0.3962,0.032,0.2064,0.0048,0.7442,0.0242,8e-04,0.0026,0.0038,0.0074,0.0908,0.0012,0.03,0.1496,0.0412,6e-04,0.0026,0.0058,6e-04,6e-04,0.0462,0.002,0.0018,2e-04,0.001,4e-04,0.0016,2e-04,4e-04,0.1624,2e-04,2e-04,0.001,0.0036,0.002,0.0014,6e-04,0.0018,0.0114,0.0154,0.0038,8e-04,8e-04,0.0014,0.0118,0.0086,0.0022,0.0248,0.0208,0.0012,8e-04,0.0038,2e-04,4e-04,0.026,0.0022,8e-04,0.0144,4e-04,0.0012,0.0404,0.4668,0.0338,2e-04,0.016,8e-04,0.0062,0.0012,8e-04,0.0012,0.0054,6e-04,0.0012,0.0372,0.0054,8e-04,0.4972,0.091,0.0084,0.1886,0.2174,0.0412,0.0326,0.2842,0.0066,0.6466,0.3392,0.037,0.0068,0.0514,0.002,0.588,0.7356,0.0208
0.4772,0.3268,0.4654,0.4522,0.1922,0.4412,0.4108,0.4476,0.1128,0.474,0.431,0.3154,0.4756,0.1608,0.0578,0.0762,0.4536,0.4694,1,0.0698,0.1392,0.1408,0.0918,0.144,0.1286,0.134,0.1336,0.1404,0.1348,0.188,0.1138,0.139,0.1412,0.1412,0.1344,0.122,0.0378,0.1032,0.1398,0.1446,0.1324,0.054,0.0418,0.0466,0.0884,0.0454,0.055,0.121,0.1892,0.1734,0.0642,0.0504,0.0488,0.0626,0.039,0.044,0.0484,0.0586,0.1328,0.0544,0.0852,0.0192,0.1286,0.0988,0.0898,0.0682,0.0918,0.0884,0.115,0.1408,0.0104,0.1396,0.0746,0.1004,0.06,0.0856,0.098,0.1362,0.101,0.0772,2e-04,0.0022,0.1112,2e-04,0.0246,0.0124,0.0484,0.0562,0.008,0.13,0.0018,0.2648,0.0026,0.0038,0.0022,8e-04,0.0698,0.0092,0.0018,4e-04,0.0144,0.0028,0.1482,0.1064,0.0114,0.1074,0.3572,0.0232,0.0782,0.0044,0.392,0.0162,0.0016,0.0138,0.1358,0.009,0.0712,0.0018,0.015,0.047,0.022,0.0136,0.0158,0.0324,0.005,0.0212,0.0408,0.0486,0.0218,0.0174,0.0374,0.0112,0.0108,0.0042,0.0034,0.0966,0.0044,0.0088,0.0368,0.0216,0.0272,0.0472,0.029,0.0394,0.0418,0.055,0.0292,0.0238,0.0244,0.075,0.0486,0.0278,0.0416,0.0496,0.0596,0.0546,0.0168,0.0682,0.0166,0.0788,0.1858,0.1494,0.114,0.0974,0.1548,0.1538,0.1576,0.2632,0.1318,0.1274,0.1476,0.1548,0.1636,0.1506,0.154,0.154,0.153,0.1544,0.107,0.1218,0.0444,0.0252,0.2092,0.0712,0.037,0.1054,0.1214,0.0544,0.0224,0.1582,0.0318,0.3478,0.2068,0.0412,0.026,0.0504,0.0418,0.2946,0.3484,0.0446
0.0012,0.3514,0.019,0.0908,0.4232,0.0348,0.0452,0.0456,0.5868,0.0064,0.0106,0.339,0.0028,0.2052,0.831,0.8768,0.0386,0.0034,0.0698,1,0.0104,0.0094,0.0792,0.0108,0.0268,0.0042,0.0712,0.0086,0.009,0.0128,0.023,0.0102,0.0084,0.0282,0.0526,0.0624,0.0388,0.0164,0.0104,0.009,0.2274,0.0082,0.476,0.3036,0.5646,0.4472,0.0394,0.0092,0.0072,0.0914,0.1532,0.234,0.183,0.0848,0.1348,0.027,0.3866,0.1876,0.0044,0.0622,0.2118,0.0612,0.0258,0.039,0.2708,0.3808,0.348,0.0114,0.0512,0.0166,0.001,0.0112,0.1186,0.072,0.121,0.2936,0.0184,0.0114,0.0378,0.1288,0,8e-04,0.0042,0,0.1356,0.0012,0.004,0.075,0.001,0.007,4e-04,0.0084,2e-04,0,6e-04,2e-04,0.0062,0.002,4e-04,2e-04,0.0854,4e-04,0.1334,0.04,4e-04,0.065,0.1402,0.0026,0.0058,0.0036,0.0108,0.003,0.0016,0.0024,0.0188,0.004,0.0258,0.0344,0.0242,0.005,0.0092,0.0136,0.0338,0.0484,0.0048,0.001,0.0076,0.043,0.038,0.0126,0.063,8e-04,0.0128,4e-04,4e-04,0.0336,0.0036,0.0012,0.0082,0.0194,0.17,0.14,0.2296,0.0702,0.1656,0.3784,0.186,0.04,0.3092,0.0674,0.0676,0.0748,0.1336,0.1678,0.4322,0.6744,0.0524,0.608,0.2074,0.5366,0.0402,0.0992,0.0044,0.1586,0.0042,0.006,0.005,0.0052,0.0386,0.2348,0.0206,0.004,0.108,0.004,0.0082,0.004,0.0266,0.011,0.0206,0.01,0.0252,0.02,0.028,0.0226,0.0118,0.0214,0.2248,0.1264,0.0424,0.0084,0.0968,0.0496,0.0386,0.0252,0.0462,0.2086,0.078,0.0178,0.0108,0.1174
0,0.001,2e-04,6e-04,0.002,0.002,0.01,0.0148,0.0118,0.004,0.0236,0.006,0,0.0644,0.0234,0.0176,0.0096,0.0022,0.1392,0.0104,1,0.6692,0.0924,0.6898,0.5326,0.299,0.0392,0.687,0.6418,0.4758,0.2374,0.6588,0.681,0.6414,0.5166,0.337,0.0716,0.4306,0.6612,0.6962,0.0792,0.0924,0.0712,0.0736,0.015,0.0562,0.151,0.0564,0.0578,0.0668,0.1088,0.1256,0.135,0.1378,0.122,0.1052,0.079,0.1074,0.0446,0.1586,0.011,0.0194,0.557,0.4492,0.0098,0.0136,0.0354,0.4276,0.3134,0.6546,0.0376,0.625,0.1754,0.4036,0.0246,0.009,0.3528,0.631,0.4714,0.0292,8e-04,0.0118,0.0184,4e-04,0.021,0.0106,0.0274,0.148,0.0192,0.068,0.0046,0.0096,0.015,0.0022,8e-04,0.0034,0.2666,0.0068,0.0036,6e-04,0.0304,0.009,8e-04,0.0034,0.01,0.492,0.043,0.008,0.0152,4e-04,0.0392,0.002,0.0032,0.0672,0.6078,0.0106,0.0244,0.003,0.0062,0.0208,0.0314,0.0292,0.043,0.0692,0.009,0.099,0.0084,0.1312,0.051,0.0436,0.0296,0.0468,0.014,0.0062,0.0038,0.021,0.0072,0.0214,0.0966,0.0696,0.0712,0.1694,0.0384,0.127,0.0648,0.0802,0.0656,0.0892,0.0348,0.3342,0.1364,0.035,0.1194,0.061,0.0762,0.0138,0.0376,0.0246,0.0236,0.0392,0.0292,0.0324,0.0518,0.0122,0.0332,0.0356,0.0296,0.0192,0.034,0.034,0.0436,0.0362,0.0346,0.0376,0.0338,0.0332,0.0342,0.0342,0.072,0.0538,0.1344,0.0734,0.0784,0.0656,0.0982,0.1114,0.0466,0.0628,0.0154,0.0538,0.0722,0.0232,0.0514,0.0778,0.0556,0.0764,0.126,0.035,0.0254,0.0808
4e-04,8e-04,4e-04,4e-04,0.001,0.0022,0.0106,0.0148,0.0116,0.0044,0.0244,0.0058,6e-04,0.0654,0.0244,0.0164,0.01,0.0026,0.1408,0.0094,0.6692,1,0.0938,0.8948,0.688,0.3716,0.0322,0.894,0.8222,0.6192,0.3042,0.8568,0.8874,0.8342,0.6716,0.4242,0.0372,0.5072,0.8574,0.9048,0.0232,0.019,0.017,0.0196,0.0066,0.0114,0.0286,0.022,0.0172,0.0188,0.0196,0.0226,0.027,0.0276,0.0236,0.023,0.0184,0.023,0.0196,0.0302,0.0096,0.0062,0.7326,0.5772,0.0092,0.0114,0.0278,0.5548,0.3978,0.8536,0.0298,0.8078,0.2164,0.53,0.0126,0.0084,0.4336,0.8178,0.6088,0.0312,2e-04,0.0136,0.0078,8e-04,0.0082,0.0078,0.0294,0.0328,0.0042,0.0134,0.0062,0.0064,0.017,0.0016,2e-04,0.0052,0.3438,0.001,0.0044,0.0014,0.0144,0.0136,0.0012,0.0034,0.0102,0.6468,0.0416,0.0036,0.004,2e-04,0.044,0.0018,0.0044,0.0858,0.7886,0.0046,0.0312,8e-04,8e-04,0.0052,0.0136,0.0076,0.0254,0.0264,0.0044,0.128,0.0038,0.0262,0.0488,0.0066,0.0154,0.0526,0.0048,0.0034,0.0032,0.0114,0.006,0.0038,0.016,0.0668,0.0206,0.1964,0.0246,0.1184,0.0216,0.0354,0.0212,0.0964,0.0138,0.4234,0.0262,0.0176,0.0232,0.0204,0.0306,0.0038,0.0086,0.0086,0.0112,0.0474,0.0124,0.0114,0.0168,0.0106,0.0144,0.0174,0.0126,0.0108,0.0168,0.0266,0.0348,0.0192,0.015,0.0206,0.0136,0.014,0.014,0.0144,0.0208,0.04,0.0236,0.0132,0.0168,0.0254,0.0162,0.023,0.0164,0.0186,0.0024,0.0192,0.0232,0.0052,0.0136,0.0288,0.0218,0.016,0.0244,0.0154,0.0094,0.0176
0.0092,0.059,0.0128,0.013,0.0822,0.019,0.0244,0.0228,0.0866,0.0138,0.0168,0.028,0.01,0.0756,0.111,0.075,0.0126,0.0116,0.0918,0.0792,0.0924,0.0938,1,0.1212,0.1888,0.1592,0.5626,0.1274,0.1122,0.1912,0.0554,0.138,0.1186,0.1354,0.163,0.4206,0.1556,0.1532,0.1312,0.117,0.061,0.0178,0.0056,0.0214,0.0448,0.0102,0.005,0.0932,0.0588,0.0308,0.0092,0.0036,0.0024,0.0082,0.006,0.012,0.0088,0.0208,0.0918,0.0014,0.4482,0.1152,0.2068,0.0916,0.393,0.2026,0.3888,0.113,0.422,0.1322,0.0132,0.1838,0.315,0.0878,0.46,0.3718,0.3808,0.1518,0.098,0.5254,2e-04,0.0028,0.0542,0.0024,0.0376,0.0104,0.0378,0.0014,6e-04,0.006,0.0054,0.111,0.0052,0.003,0.0138,0.0014,0.0608,0.007,0.0044,0.0018,0.0834,0.0016,0.0166,0.0146,0.0024,0.081,0.1438,0.0082,0.0014,0.0014,0.0622,8e-04,6e-04,0.0148,0.1324,0.0198,0.0158,0.0022,0.001,0.0098,0.0182,0.0152,0.0632,0.1614,0.0156,0.0234,0.0144,0.003,0.1742,0.0076,0.0844,0.0376,0.0296,0.0084,0.0104,0.1702,0.0248,0.0034,0.002,0.0394,0.048,0.118,0.105,0.0608,0.1656,0.0582,0.0812,0.0564,0.0748,0.164,0.0052,0.0666,0.0076,0.154,0.0438,0.0798,0.032,0.1346,0.0278,0.1264,0.1322,0.125,0.0796,0.4868,0.1146,0.1268,0.0966,0.0708,0.1556,0.1938,0.2828,0.1228,0.1576,0.1218,0.108,0.1162,0.1124,0.098,0.0582,0.061,0.002,0.0178,0.0044,0.126,0.0044,0.0064,0.0928,0.123,0.009,0.1022,0.1248,0.1434,0.1148,0.136,0.1524,0.0306,0.0094,0.0918,0.047,0.071
0,4e-04,2e-04,2e-04,0.0018,0.0024,0.0108,0.0144,0.0124,0.0046,0.0242,0.0068,2e-04,0.0664,0.0254,0.0178,0.01,0.0022,0.144,0.0108,0.6898,0.8948,0.1212,1,0.74,0.4014,0.028,0.9696,0.8766,0.672,0.3254,0.9228,0.96,0.9014,0.72,0.4596,0.022,0.5304,0.9282,0.9802,0.0084,4e-04,8e-04,0.0064,0.0038,0.0012,6e-04,0.0066,0.0014,0.0034,8e-04,6e-04,6e-04,4e-04,6e-04,0.007,8e-04,0.001,0.0036,6e-04,0.005,0.0056,0.7932,0.615,0.004,0.0064,0.0296,0.6058,0.437,0.9238,0.0294,0.8756,0.2252,0.5606,0.0088,0.0034,0.484,0.8868,0.6574,0.0288,0,0.0146,0.003,6e-04,0.004,0.0064,0.0308,0.004,2e-04,4e-04,0.0064,0.0022,0.0178,0,0,0.0054,0.3784,2e-04,0.0048,0.0018,0.004,0.0152,6e-04,0.003,0.0104,0.6918,0.0424,4e-04,0,2e-04,0.0486,0.002,0.0044,0.0906,0.8546,0.0012,0.0352,2e-04,4e-04,8e-04,0.0068,6e-04,0.0112,0.0028,0.0028,0.1328,8e-04,4e-04,0.0506,0,0.0078,0.0598,4e-04,0.0026,0.0022,0.0098,0.0054,4e-04,2e-04,0.0554,0.002,0.2072,0.0198,0.1182,0.003,0.0236,0.003,0.089,0.002,0.462,6e-04,0.005,0.0042,0.0024,0.018,0.0022,0.001,0.004,0.0066,0.0492,0.004,0.0022,0.002,0.005,0.0026,0.0062,0.003,0.0042,0.0072,0.024,0.0262,0.008,0.0094,0.0094,0.0026,0.0026,0.0024,0.0026,0.0024,0.0334,0,6e-04,2e-04,0.0022,2e-04,2e-04,0.0036,0.0024,0,0.0016,0.0026,0.0018,0.0016,0.0022,0.0024,0.0014,2e-04,8e-04,4e-04,0.0012
0,0.0154,4e-04,0.0054,0.0214,0.0034,0.0098,0.0122,0.0246,0.0044,0.0162,0.0068,0,0.0518,0.0308,0.0348,0.0088,0.0016,0.1286,0.0268,0.5326,0.688,0.1888,0.74,1,0.3246,0.1318,0.7416,0.6668,0.5426,0.2514,0.708,0.7348,0.6978,0.5574,0.4296,0.034,0.3946,0.7306,0.7478,0.0414,0.0156,0.008,0.0356,0.0256,0.011,0.0082,0.0452,0.0264,0.0246,0.0148,0.002,0.0118,0.0096,0.0056,0.0124,0.0068,0.0182,0.0384,0.005,0.1312,0.0666,0.6342,0.525,0.122,0.064,0.1246,0.502,0.4012,0.7266,0.037,0.6808,0.298,0.4636,0.1122,0.1098,0.4688,0.6884,0.5812,0.1598,4e-04,0.0132,0.0218,0.0012,0.0104,0.0064,0.0346,0.0148,8e-04,0.0028,0.0048,0.0158,0.0176,4e-04,0.0044,0.0054,0.2806,0.001,0.0048,0.0022,0.0204,0.0092,0.0022,0.0038,0.0066,0.5374,0.0566,0.0018,8e-04,8e-04,0.048,0.0018,0.003,0.0644,0.6488,0.0036,0.0268,0.001,4e-04,0.002,0.0108,0.0124,0.0226,0.0236,0.0216,0.1084,0.0046,0.0042,0.091,0.0098,0.0254,0.0696,0.0196,0.0184,0.0198,0.0418,0.0256,0.0146,0.0048,0.0618,0.013,0.1704,0.0434,0.105,0.0208,0.0334,0.0158,0.0816,0.0132,0.3662,0.008,0.0276,0.0124,0.0204,0.0348,0.0272,0.0178,0.0414,0.0224,0.0656,0.0368,0.0398,0.0394,0.1292,0.0444,0.048,0.0368,0.0206,0.0484,0.0666,0.0844,0.0482,0.0456,0.049,0.0436,0.044,0.044,0.0432,0.0306,0.053,0.003,0.0108,0.002,0.019,0.0036,0.004,0.0152,0.0192,0.0018,0.0126,0.0186,0.0128,0.0124,0.0206,0.0198,0.009,0.0054,0.0104,0.0046,0.0122
0.013,0.0092,0.014,0.0126,0.0926,0.0486,0.0344,0.029,0.0306,0.0164,0.0314,0.0134,0.0134,0.0702,0.014,0.008,0.0208,0.014,0.134,0.0042,0.299,0.3716,0.1592,0.4014,0.3246,1,0.046,0.4068,0.353,0.298,0.1496,0.3642,0.4008,0.3564,0.2632,0.1744,0.0168,0.2146,0.3804,0.4028,0.0202,0.111,0.0034,0.009,0.0754,0.007,0.0342,0.4402,0.291,0.1226,0.0292,0.0036,0.0126,0.0528,0.0074,0.047,0.0176,0.0976,0.4124,0.0132,0.017,0.0196,0.3258,0.2522,0.0142,0.0204,0.0346,0.2672,0.2354,0.378,0.0252,0.3704,0.1156,0.2388,0.041,0.0132,0.271,0.4104,0.2576,0.0346,4e-04,0.0092,0.1368,2e-04,0.013,0.0226,0.0302,0.014,0.003,0.024,0.0044,0.1628,0.0134,0.0018,4e-04,0.0024,0.187,0.002,0.0038,0.0014,0.0154,0.009,0.0028,0.0034,0.0162,0.259,0.1184,0.0028,0.0024,2e-04,0.0466,0.0012,0.0026,0.045,0.3846,0.0042,0.0142,0,2e-04,0.0032,0.0082,0.009,0.0162,0.0142,0.0142,0.0852,0.0318,0.008,0.055,0.0048,0.063,0.059,0.0106,0.0148,0.0138,0.0588,0.015,0.0084,0.0082,0.0284,0.0106,0.1064,0.0178,0.0644,0.0128,0.0132,0.0122,0.0388,0.008,0.2528,0.0114,0.0772,0.008,0.0102,0.0438,0.01,0.0098,0.0058,0.0096,0.019,0.4146,0.2914,0.4012,0.0222,0.5022,0.5046,0.4306,0.2684,0.3188,0.134,0.4204,0.5034,0.2586,0.5136,0.4874,0.501,0.4382,0.4638,0.311,0.2776,0.0074,0.0084,0.0094,0.0118,0.006,0.0322,0.013,0.0094,0.0014,0.0104,0.0132,0.0152,0.0094,0.0136,0.0134,0.007,0.007,0.0074,0.0078,0.0096
0.1122,0.1032,0.1106,0.1072,0.083,0.09,0.1146,0.113,0.0836,0.115,0.0962,0.0762,0.1128,0.089,0.0732,0.0756,0.1048,0.113,0.1336,0.0712,0.0392,0.0322,0.5626,0.028,0.1318,0.046,1,0.0304,0.027,0.1422,0.0284,0.053,0.0272,0.055,0.0984,0.387,0.1462,0.0848,0.042,0.0224,0.0782,0.0174,0.0058,0.0298,0.038,0.0116,0.0026,0.0308,0.0366,0.0422,0.0104,0.005,0.002,0.0032,0.0168,0.0166,0.0104,0.008,0.0348,2e-04,0.4912,0.1888,0.1416,0.0586,0.4326,0.2252,0.4078,0.0754,0.3738,0.0494,0.0676,0.0976,0.3262,0.0486,0.496,0.4116,0.3356,0.0572,0.0614,0.5694,8e-04,0.0054,0.0874,0.0038,0.0328,0.0104,0.0418,0.0042,0.0012,0.0348,0.005,0.1426,0.0088,0.0056,0.015,0.0016,0.0252,0.0124,0.0044,0.0026,0.0598,0.0012,0.0358,0.022,0.0086,0.0202,0.1674,0.008,0.0104,0.0016,0.1312,0.0012,4e-04,0.0044,0.0554,0.0102,0.0186,0.0012,0.003,0.0164,0.0308,0.0562,0.0358,0.1248,0.0896,0.074,0.0056,0.0036,0.201,0.0556,0.0402,0.1034,0.092,0.0844,0.0892,0.2468,0.0978,0.075,0.0178,0.0692,0.0196,0.0704,0.1052,0.0638,0.132,0.0536,0.0654,0.0678,0.034,0.1048,0.0126,0.0658,0.0158,0.1396,0.0268,0.0716,0.0686,0.1474,0.041,0.1486,0.0692,0.0978,0.028,0.5258,0.0348,0.0456,0.0344,0.073,0.1078,0.2026,0.2186,0.0434,0.1326,0.0394,0.0342,0.0364,0.0508,0.0344,0.0218,0.0284,0.0052,0.037,0.0418,0.1338,0.0262,0.022,0.0846,0.1386,0.0136,0.1502,0.094,0.2458,0.1596,0.1112,0.1008,0.0324,0.0052,0.1656,0.1336,0.0814
0,0,0,0,0,0.0022,0.0102,0.0146,0.0106,0.0044,0.024,0.0064,2e-04,0.0658,0.0236,0.0158,0.0098,0.002,0.1404,0.0086,0.687,0.894,0.1274,0.9696,0.7416,0.4068,0.0304,1,0.877,0.677,0.321,0.9202,0.962,0.9008,0.7176,0.4634,0.0222,0.5342,0.9296,0.9804,0.0066,0,0,0.0056,0.0024,0,0,0.0042,4e-04,0.0028,2e-04,0,2e-04,0,0,0.0058,0,2e-04,0.0034,0,0.0044,0.0054,0.7964,0.6154,0.0024,0.0054,0.029,0.6126,0.4422,0.9246,0.031,0.8824,0.2264,0.5574,0.0078,0.0022,0.4934,0.895,0.658,0.0304,0,0.0148,0.0028,6e-04,0.002,0.0066,0.0324,0.004,2e-04,4e-04,0.0066,0.0012,0.0178,2e-04,0,0.0054,0.3812,4e-04,0.0054,0.0018,0.004,0.0152,4e-04,0.0028,0.0108,0.6894,0.0438,4e-04,0,2e-04,0.0504,0.0018,0.0044,0.0918,0.854,0.001,0.0344,0,0,4e-04,0.007,0.0012,0.0116,0.0026,0.0044,0.133,0.001,0,0.0532,2e-04,0.0076,0.0622,0.0016,0.0034,0.0036,0.0114,0.0066,0.0012,0,0.0566,0.001,0.2088,0.0188,0.1172,0.0022,0.0212,0.0018,0.0924,8e-04,0.4656,6e-04,0.0052,0.0036,0.0024,0.0172,0.0016,0.0014,0.0026,0.0072,0.0474,0.0014,0.001,8e-04,0.0046,2e-04,0.004,0.001,0.0034,0.0052,0.0224,0.0286,0.0062,0.0086,0.0082,2e-04,2e-04,6e-04,2e-04,0.0012,0.0322,0,4e-04,4e-04,0.0022,6e-04,0,0.0018,0.0022,4e-04,0.0018,0.0018,0.0012,0.0016,0.0026,0.0026,8e-04,2e-04,0.0018,8e-04,0.0012
0,8e-04,0,2e-04,4e-04,0.0034,0.0114,0.0138,0.013,0.0044,0.0218,0.007,2e-04,0.0714,0.0278,0.0156,0.0092,0.0024,0.1348,0.009,0.6418,0.8222,0.1122,0.8766,0.6668,0.353,0.027,0.877,1,0.607,0.307,0.8464,0.8668,0.8164,0.6672,0.4126,0.0828,0.5738,0.8354,0.8854,0.0108,0.002,8e-04,0.0082,0.0038,0.0022,4e-04,0.0052,0.0016,0.004,0.001,0.0032,6e-04,8e-04,0.0014,0.0078,0.0022,6e-04,0.0022,2e-04,0.003,0.0138,0.7094,0.5568,0.0028,0.0058,0.0252,0.5576,0.3842,0.8346,0.0352,0.7902,0.1992,0.5128,0.009,0.0022,0.4308,0.804,0.6046,0.0218,4e-04,0.0136,0.0094,0.0018,0.0286,0.0072,0.0302,0.005,8e-04,0.0012,0.0064,0.001,0.0164,0.0016,2e-04,0.0046,0.3404,0.0046,0.0042,0.0018,0.0384,0.0124,6e-04,0.005,0.0102,0.6308,0.0378,0.0074,0.0058,2e-04,0.0458,0.0016,0.0038,0.0854,0.7684,0.0094,0.031,0.001,0.001,0.034,0.0322,0.0158,0.0624,0.0784,0.0152,0.1382,0.007,0.002,0.0568,0.0066,0.027,0.0638,0.0186,0.0144,0.0162,0.0154,0.0186,0.0104,0.0034,0.0872,0.0422,0.2018,0.0388,0.151,0.0772,0.042,0.071,0.1246,0.0364,0.4212,0.0014,0.0298,0.0062,0.0634,0.0152,0.0046,0.0256,0.0028,0.0194,0.0444,0.0032,0.0032,0.003,0.004,0.003,0.0056,0.0038,0.0082,0.0078,0.0206,0.0212,0.0072,0.0096,0.009,0.003,0.003,0.0038,0.0028,0.0034,0.033,0.0026,0.0188,0.0086,0.0742,0.0086,0.0012,0.0572,0.0552,0.0044,0.065,0.0752,0.0096,0.0576,0.0878,0.0624,0.0334,0.0054,0.0456,0.0294,0.0284
